"date" "N_bikes" "temperature" "feels_like" "humidity" "wind_speed" "holiday" "weekend" "season"
"1" 2015-09-27 29817 13.6458333333333 13.5833333333333 NA 11.6458333333333 0 1 2
"2" 2016-12-07 NA 12.1041666666667 12.0625 83.5625 12.7916666666667 0 0 3
"3" 2016-05-02 19428 12.7083333333333 12.5833333333333 76.125 20.7708333333333 1 0 0
"4" 2015-04-06 25439 9.25 7.77083333333333 73.5833333333333 13.3541666666667 1 0 0
"5" 2016-12-25 NA 12.5 12.5 NA 27.6666666666667 0 1 3
"6" 2015-10-05 20741 15.8958333333333 15.8958333333333 87.9375 13.75 0 0 2
"7" 2016-03-03 24416 7.02083333333333 3.5625 67.6458333333333 21.7916666666667 0 0 0
"8" 2015-09-10 35734 16.1875 16.1875 71.8333333333333 15 0 0 2
"9" 2015-04-02 22682 9.0625 7.125 66.3541666666667 14.8125 0 0 0
"10" 2016-12-17 NA 7.41666666666667 6.45833333333333 NA 6.20833333333333 0 1 3
"11" 2015-10-19 NA 12.7291666666667 12.7291666666667 79.1875 7.375 0 0 2
"12" 2015-11-07 14881 15.7708333333333 15.7708333333333 83.6458333333333 22.8958333333333 0 1 2
"13" 2016-09-24 35786 18.7916666666667 18.625 NA 15.75 0 1 2
"14" 2015-11-24 21175 9.04166666666667 6.22916666666667 83.7083333333333 19.9166666666667 0 0 2
"15" 2015-01-31 10250 3.41666666666667 -0.916666666666667 77.9166666666667 20.125 0 1 3
"16" 2016-03-06 12510 4.29166666666667 1.1875 NA 14 0 1 0
"17" 2016-05-03 31962 11.7083333333333 10.8541666666667 54.375 14.6458333333333 0 0 0
"18" 2016-09-09 36151 19.5416666666667 19.5416666666667 72.625 17.5416666666667 0 0 2
"19" 2015-06-04 39451 17 16.8333333333333 56.3333333333333 12.8541666666667 0 0 1
"20" 2015-12-31 13889 9.52083333333333 7.22916666666667 69.3125 23.3958333333333 0 0 3
"21" 2015-11-09 28474 13.875 13.875 73.9791666666667 27.0416666666667 0 0 2
"22" 2016-07-11 32420 18.0416666666667 18.0416666666667 73.6875 22 0 0 1
"23" 2015-12-23 18451 11.3541666666667 11.0833333333333 69.0416666666667 23.1666666666667 0 0 3
"24" 2015-01-14 23565 6.5 2.47916666666667 67.125 25.75 0 0 3
"25" 2016-04-01 27137 8.52083333333333 7.89583333333333 66.5 11.1666666666667 0 0 0
"26" 2015-05-24 30018 15.7916666666667 15.7916666666667 NA 11.4791666666667 0 1 0
"27" 2015-10-06 25892 16.6458333333333 16.6458333333333 87.2291666666667 12.4166666666667 0 0 2
"28" 2016-12-24 7890 9.02083333333333 6.10416666666667 NA 24.8958333333333 0 1 3
"29" 2015-02-01 11305 3.79166666666667 -0.895833333333333 67 24.7708333333333 0 1 3
"30" 2016-06-05 40229 16.4166666666667 16.4166666666667 79.1458333333333 12 0 1 1
"31" 2016-09-18 29463 17.1041666666667 17.1041666666667 NA 7.75 0 1 2
"32" 2015-03-05 24896 7.5 5.20833333333333 65.2708333333333 16.6875 0 0 0
"33" 2016-11-01 32054 10.4583333333333 10.1041666666667 86.5625 8.58333333333333 0 0 2
"34" 2016-02-20 10745 11.1739130434783 10.0869565217391 80.8260869565217 27.9565217391304 0 1 3
"35" 2016-07-17 37769 22.9791666666667 23 67.25 17.8541666666667 0 1 1
"36" 2016-08-07 38076 21.6458333333333 21.6458333333333 NA 24.4375 0 1 1
"37" 2016-08-08 37769 18.3541666666667 18.3541666666667 54.3333333333333 21.4166666666667 0 0 1
"38" 2015-08-10 35335 20.3333333333333 20.3333333333333 74.0208333333333 18.1041666666667 0 0 1
"39" 2016-01-02 7195 10.5 9.39583333333333 NA 21.6041666666667 0 1 3
"40" 2016-06-27 33299 18.0625 18.0625 68.9583333333333 16.0416666666667 0 0 1
"41" 2016-04-07 NA 7.93478260869565 4.76086956521739 75.0217391304348 21.0869565217391 0 0 0
"42" 2016-08-02 28593 18.8541666666667 18.8541666666667 86.7708333333333 17.3125 0 0 1
"43" 2015-04-18 29595 9.64583333333333 8.14583333333333 63.875 22.5833333333333 0 1 0
"44" 2015-11-30 20918 12.0217391304348 11.4782608695652 77.5217391304348 26.0652173913043 0 0 2
"45" 2015-08-04 37644 18.2708333333333 18.25 61 22.9166666666667 0 0 1
"46" 2016-09-08 40555 20.1875 20.0416666666667 62.2708333333333 19.2916666666667 0 0 2
"47" 2015-07-08 41703 17.8125 17.8125 62.4375 23.8333333333333 0 0 1
"48" 2015-02-26 20036 9.25 7.4375 81.7291666666667 16.9166666666667 0 0 3
"49" 2015-09-13 26166 14.0208333333333 14.0208333333333 73 10.9583333333333 0 1 2
"50" 2015-08-01 43017 17.6666666666667 17.5625 55.6875 12.6041666666667 0 1 1
"51" 2015-08-21 35882 22.1041666666667 22.1041666666667 68.9166666666667 14.5625 0 0 1
"52" 2015-04-20 32057 11.0625 10.4375 64.4375 13.8541666666667 0 0 0
"53" 2016-10-18 32771 12.125 12 68.75 24.1041666666667 0 0 2
"54" 2015-12-30 12301 12.5833333333333 12.5416666666667 69.375 25.0833333333333 0 0 3
"55" 2015-05-01 29579 9.08333333333333 7.22916666666667 64.25 18.875 0 0 0
"56" 2015-04-08 30643 11.75 11.375 73.9583333333333 11.0208333333333 0 0 0
"57" 2015-03-18 NA 6.89583333333333 4.58333333333333 80.0625 12.2083333333333 0 0 0
"58" 2016-09-04 27512 18.8541666666667 18.8541666666667 69.8541666666667 23.3958333333333 0 1 2
"59" 2016-02-01 23606 12.7708333333333 12.6041666666667 68.125 34.9375 0 0 3
"60" 2017-01-03 19436 3.39583333333333 -0.625 81.3958333333333 18.9375 0 0 3
"61" 2016-05-15 34302 12.1875 11.9583333333333 NA 12.3958333333333 0 1 0
"62" 2016-07-15 36601 17.3958333333333 17.3958333333333 69.5416666666667 16.7083333333333 0 0 1
"63" 2016-05-25 31614 11.0833333333333 10.375 73.7916666666667 11.3125 0 0 0
"64" 2016-12-12 NA 8.29166666666667 7.08333333333333 91.4583333333333 10.5625 0 0 3
"65" 2015-09-15 28066 14.25 14.25 74.9583333333333 18 0 0 2
"66" 2016-10-21 30567 11.0625 10.125 81.7916666666667 12.5625 0 0 2
"67" 2015-05-26 34809 14.9166666666667 14.9166666666667 60.0625 14.6041666666667 0 0 0
"68" 2015-09-25 34783 13.7291666666667 13.7291666666667 67.5208333333333 10.7291666666667 0 0 2
"69" 2016-09-16 21967 17.3333333333333 17.3333333333333 79.1875 17.3333333333333 0 0 2
"70" 2016-06-30 35432 17.25 17.25 74.0625 18.4166666666667 0 0 1
"71" 2016-03-23 26837 8.8125 8.20833333333333 66.7291666666667 6.20833333333333 0 0 0
"72" 2015-05-16 32526 15.1458333333333 15.1458333333333 59.875 19.9166666666667 0 1 0
"73" 2015-02-05 NA 2.89583333333333 -0.916666666666667 NA 16.0208333333333 0 0 3
"74" 2016-07-01 27730 16.7708333333333 16.7708333333333 73.2916666666667 22.2708333333333 0 0 1
"75" 2016-04-03 NA 11.5625 11.0416666666667 77.5416666666667 11.3125 0 1 0
"76" 2015-08-29 22618 18.2916666666667 18.2708333333333 72.7291666666667 7.77083333333333 NA 1 1
"77" 2016-03-14 25448 6.6875 3.29166666666667 68.5833333333333 20.9791666666667 0 0 0
"78" 2015-12-16 25558 14.4791666666667 14.4791666666667 81.6875 20.4583333333333 0 0 3
"79" 2015-07-12 23240 18.5208333333333 18.5208333333333 75.4791666666667 21.6875 0 1 1
"80" 2015-10-12 31292 11.2708333333333 10.9583333333333 70.0833333333333 10 0 0 2
"81" 2016-05-06 39589 15.0625 14.9375 62.7708333333333 13.3958333333333 0 0 0
"82" 2015-03-25 25672 6.20833333333333 4.64583333333333 67.0833333333333 7.9375 NA 0 0
"83" 2015-06-26 37019 20.6041666666667 20.6041666666667 55.25 15.9166666666667 0 0 1
"84" 2016-03-27 8123 9.71428571428571 7.46428571428571 72.75 29.5 0 1 0
"85" 2015-06-19 35966 16.3541666666667 16.3541666666667 58.5416666666667 16.0208333333333 0 0 1
"86" 2016-03-16 25322 7.29166666666667 3.75 73.8541666666667 22.0833333333333 0 0 0
"87" 2015-01-23 21892 2.70833333333333 -0.0208333333333333 79.4166666666667 12.4166666666667 0 0 3
"88" 2016-05-24 36184 12.9375 12.7291666666667 63.7708333333333 15.2708333333333 0 0 0
"89" 2015-12-12 15815 11.675 11.2 NA 23.375 0 1 3
"90" 2016-02-13 9869 4.25 0.666666666666667 NA 18.4375 0 1 3
"91" 2015-06-07 35407 15 14.9166666666667 55.9791666666667 12.5208333333333 0 1 1
"92" 2015-01-21 22782 3.04166666666667 -0.375 NA 14.7291666666667 0 0 3
"93" 2015-03-28 18986 11.5625 11.1458333333333 80.125 22.8958333333333 0 1 0
"94" 2016-02-09 23308 6.33333333333333 2.64583333333333 68.25 21.375 0 0 3
"95" 2015-08-09 40441 21.25 21.1041666666667 55.8125 12.2708333333333 0 1 1
"96" 2016-09-26 34774 15.375 15.375 69.1041666666667 10.4791666666667 0 0 2
"97" 2016-07-19 46021 24.6458333333333 24.7291666666667 62.6041666666667 14.4583333333333 0 0 1
"98" 2015-06-23 37472 15.8125 15.8125 60.4375 14.1041666666667 0 0 1
"99" 2016-03-29 18814 8.5625 5.85416666666667 69.625 23.1041666666667 0 0 0
"100" 2016-09-01 39270 19.3478260869565 19.2826086956522 62.2173913043478 13.7608695652174 0 0 2
"101" 2015-12-27 9378 14.3333333333333 14.3333333333333 81.1458333333333 22 0 1 3
"102" 2016-01-11 21092 7.04166666666667 4.22916666666667 82.6041666666667 16.5208333333333 0 0 3
"103" 2015-04-24 32102 13.0208333333333 12.6875 68.6458333333333 14.1666666666667 0 0 0
"104" 2015-09-22 NA 12.4166666666667 12.4166666666667 83.1458333333333 12.5625 0 0 2
"105" 2016-10-03 35582 13.2083333333333 13.1041666666667 69.0625 6.47916666666667 0 0 2
"106" 2016-11-15 28498 14.2708333333333 14.2708333333333 87.5625 16.8333333333333 0 0 2
"107" 2015-10-11 27796 12.2916666666667 12.0416666666667 72.5625 13.2083333333333 0 1 2
"108" 2015-05-18 24288 12.4166666666667 11.9791666666667 68.2916666666667 25.1041666666667 0 0 0
"109" 2016-04-04 NA 11.0833333333333 10.5 77.5208333333333 13.5833333333333 0 0 0
"110" 2016-08-28 25849 20.0208333333333 20.0208333333333 NA 18.2291666666667 0 1 1
"111" 2016-04-22 20342 9.125 6.83333333333333 74.1666666666667 19.4791666666667 0 0 0
"112" 2015-08-02 43295 19.7916666666667 19.5416666666667 57.7708333333333 12.5 0 1 1
"113" 2016-03-15 25224 6.39583333333333 4.20833333333333 84.75 12.6875 0 0 0
"114" 2015-06-09 33255 12.0416666666667 11.3125 59.1875 21.0208333333333 0 0 1
"115" 2016-12-29 NA 3.77083333333333 2.4375 89.9791666666667 6.0625 0 0 3
"116" 2015-07-29 36761 15.8333333333333 15.8333333333333 60.8958333333333 19.6666666666667 0 0 1
"117" 2016-12-11 NA 8 5.5625 86.5833333333333 15.2708333333333 0 1 3
"118" 2015-08-31 9639 15.4791666666667 15.4791666666667 89.5416666666667 10.4375 1 0 1
"119" 2015-10-18 23070 13.0416666666667 13.0416666666667 79.7291666666667 9.14583333333333 0 1 2
"120" 2015-06-06 32820 15.2708333333333 15.2291666666667 NA 23.7916666666667 0 1 1
"121" 2015-07-17 38505 20.4375 20.4375 62.7083333333333 19.9583333333333 0 0 1
"122" 2016-08-09 39514 16.75 16.75 52.2083333333333 16.3541666666667 0 0 1
"123" 2015-01-22 23278 2.58333333333333 1.04166666666667 74.4791666666667 6.72916666666667 0 0 3
"124" 2016-04-23 21762 7.60416666666667 5.39583333333333 64.5416666666667 13.6875 0 1 0
"125" 2015-10-13 20114 10.5833333333333 9.41666666666667 73.4166666666667 14.5277777777778 0 0 2
"126" 2015-03-19 24077 7.25 4.54166666666667 79.1458333333333 15.0833333333333 0 0 0
"127" 2015-12-24 8908 10.9166666666667 9.89583333333333 68.3125 25.5625 0 0 3
"128" 2016-03-17 27060 6.41666666666667 4.41666666666667 70.7916666666667 12.1666666666667 0 0 0
"129" 2015-10-27 NA 14.3958333333333 14.3958333333333 84.9583333333333 12.2291666666667 0 0 2
"130" 2015-11-21 12751 4.375 -0.375 NA 26.25 0 1 2
"131" 2016-02-26 23580 3.91666666666667 1.45833333333333 68.6875 11.5208333333333 0 0 3
"132" 2015-03-13 25700 8.5 6.625 61.2708333333333 17.7708333333333 0 0 0
"133" 2015-01-13 24697 8.60416666666667 6.08333333333333 75.8125 21.2083333333333 0 0 3
"134" 2016-12-13 NA 11.625 11.375 90.75 9.95833333333333 0 0 3
"135" 2016-10-02 27022 13.2083333333333 13.2083333333333 NA 13.5625 0 1 2
"136" 2015-05-27 36407 14.7916666666667 14.5416666666667 56.4166666666667 16.6875 0 0 0
"137" 2016-12-27 10842 4.1875 2.45833333333333 81.9166666666667 7.5 NA 0 3
"138" 2015-08-13 NA 18.9375 18.9375 83.8958333333333 15.1458333333333 0 0 1
"139" 2015-05-14 15609 9.89583333333333 7.89583333333333 84.9583333333333 21.375 0 0 0
"140" 2016-06-19 30954 16.9583333333333 16.9583333333333 72.6875 16.375 0 1 1
"141" 2015-04-05 19369 8.79166666666667 8.27083333333333 71.125 7.02083333333333 0 1 0
"142" 2015-12-25 22423 11.2708333333333 10.3541666666667 79.4375 18.0416666666667 1 0 3
"143" 2016-03-08 23129 5.4375 2.625 71.3958333333333 15 0 0 0
"144" 2015-02-07 13149 3.75 1.02083333333333 83.0208333333333 11.3125 0 1 3
"145" 2015-07-19 36693 20 19.7083333333333 49.2916666666667 18.9791666666667 0 1 1
"146" 2015-03-17 25780 8.47916666666667 7.16666666666667 85.875 10.2083333333333 0 0 0
"147" 2016-10-16 18527 13.9166666666667 13.6458333333333 82.875 14.4375 0 1 2
"148" 2016-02-18 23517 5.27083333333333 2.5625 71.9583333333333 13.2083333333333 0 0 3
"149" 2015-01-12 17199 11.125 9.75 76.5833333333333 28.1875 0 0 3
"150" 2016-04-29 25385 8.58333333333333 5.70833333333333 60.4375 24.2291666666667 0 0 0
"151" 2015-04-13 28048 11.6041666666667 11.1666666666667 68.7708333333333 9.72916666666667 0 0 0
"152" 2016-05-12 38082 17.7083333333333 17.625 69.8125 15.6666666666667 0 0 0
"153" 2016-11-25 27413 8.20833333333333 6.14583333333333 70.3125 16.0208333333333 0 0 2
"154" 2016-05-30 23697 14.4166666666667 14.4166666666667 75.25 19.9375 1 0 0
"155" 2016-05-14 30046 10.2916666666667 8.97916666666667 56.75 14.25 0 1 0
"156" 2016-05-16 37045 14.1666666666667 14.1041666666667 62.1875 8.97916666666667 0 0 0
"157" 2016-11-04 21932 9.4375 8.375 79.875 9.22916666666667 0 0 2
"158" 2016-01-15 22446 4 -0.291666666666667 70.0208333333333 21.4375 0 0 3
"159" 2015-08-19 31640 17.9375 17.9375 68.5 15.0833333333333 0 0 1
"160" 2016-09-13 43573 24.7916666666667 24.625 62.1666666666667 13.5208333333333 0 0 2
"161" 2015-01-19 23034 2.41666666666667 0.791666666666667 80 6.1875 0 0 3
"162" 2016-08-04 39082 19.2291666666667 19.1666666666667 62.9583333333333 23.8333333333333 0 0 1
"163" 2015-09-05 22317 13.4375 13.4375 71.4791666666667 11.2916666666667 0 1 2
"164" 2015-12-29 15592 11.75 11.5833333333333 74.5208333333333 17.2083333333333 0 0 3
"165" 2015-09-23 33977 14.125 13.9166666666667 71.4583333333333 18.2916666666667 0 0 2
"166" 2015-09-28 33138 13.9791666666667 13.9791666666667 74.1875 14.9166666666667 0 0 2
"167" 2016-05-11 27574 16.0833333333333 16.0833333333333 91.3541666666667 9.95833333333333 0 0 0
"168" 2015-03-08 20017 10.0416666666667 9.04166666666667 78.8541666666667 14.2291666666667 0 1 0
"169" 2016-06-06 39050 15.8958333333333 15.8333333333333 70.1666666666667 14.3333333333333 0 0 1
"170" 2016-04-17 26885 7.58333333333333 6.39583333333333 59.0833333333333 8.64583333333333 0 1 0
"171" 2015-11-13 25252 10.6666666666667 8.83333333333333 66 27.9375 0 0 2
"172" 2015-12-07 25734 13.3125 13.3125 81.5416666666667 14.4791666666667 0 0 3
"173" 2015-10-26 30364 11.7083333333333 11 85.9166666666667 13.5625 0 0 2
"174" 2016-10-09 25082 12.1041666666667 11.75 72.0208333333333 10.1041666666667 0 1 2
"175" 2016-09-28 38529 17.9375 17.9375 75.3541666666667 21.25 0 0 2
"176" 2015-10-28 23881 13.5833333333333 13.5833333333333 84.7708333333333 10.875 0 0 2
"177" 2015-11-23 23908 5.04166666666667 2.72916666666667 74.9583333333333 11.1458333333333 0 0 2
"178" 2015-06-25 38673 19.6458333333333 19.5833333333333 56.9791666666667 13.5416666666667 0 0 1
"179" 2016-11-13 19044 8.64583333333333 7.5 83.5208333333333 8.33333333333333 0 1 2
"180" 2015-11-14 8898 11.25 9.79166666666667 81.2916666666667 23.3333333333333 0 1 2
"181" 2016-06-23 24852 19.9375 19.9375 89.9583333333333 10.6041666666667 0 0 1
"182" 2016-10-08 26884 14 14 77.1458333333333 8.97916666666667 0 1 2
"183" 2016-09-14 44478 23.4583333333333 23.4791666666667 63.2708333333333 10.4375 0 0 2
"184" 2015-11-19 23695 11.5833333333333 11.1875 80 21.5208333333333 0 0 2
"185" 2015-11-26 26626 9.39583333333333 8.52083333333333 86.3125 7.54166666666667 0 0 2
"186" 2016-11-29 NA 3.0625 1.625 NA 6.83333333333333 0 0 2
"187" 2016-03-13 21687 5.33333333333333 2.72916666666667 81.9166666666667 14.6666666666667 0 1 0
"188" 2016-02-15 21789 3.66666666666667 0.0625 NA 16.3125 0 0 3
"189" 2016-01-20 NA 1.5625 0.354166666666667 77.4166666666667 5.41666666666667 0 0 3
"190" 2016-12-28 12428 2.16666666666667 0.0208333333333333 97.2291666666667 7.39583333333333 0 0 3
"191" 2016-08-31 38989 19.8125 19.8125 63.125 15.3333333333333 0 0 1
"192" 2015-06-12 35172 18.75 18.75 69.5833333333333 12.2083333333333 0 0 1
"193" 2016-11-12 8990 9.30434782608696 7.82608695652174 85.9130434782609 10.7608695652174 0 1 2
"194" 2015-07-25 32608 16.6875 16.6875 61.7083333333333 19.9166666666667 0 1 1
"195" 2016-08-18 38983 19.4375 19.3333333333333 69.0833333333333 13.25 0 0 1
"196" 2016-10-25 32992 11.8333333333333 11.8333333333333 79.0625 5.1875 0 0 2
"197" 2016-04-19 33342 11.2916666666667 10.3541666666667 61.5416666666667 12.8541666666667 0 0 0
"198" 2015-11-04 23462 13.4791666666667 13.4791666666667 88.5416666666667 8.39583333333333 0 0 2
"199" 2016-06-04 NA 15.1458333333333 15.1458333333333 87.1458333333333 8.60416666666667 NA 1 1
"200" 2015-02-27 24367 5.9375 3.10416666666667 66.2708333333333 14.3125 0 0 3
"201" 2016-06-18 29226 14.8958333333333 14.8958333333333 76.1875 11.2083333333333 0 1 1
"202" 2016-04-25 24149 8.04166666666667 5.72916666666667 74.2083333333333 18.2708333333333 0 0 0
"203" 2016-01-14 22186 4.47916666666667 -0.208333333333333 73.0208333333333 25.9375 0 0 3
"204" 2015-04-26 19427 9.64583333333333 8.29166666666667 83.3333333333333 11.1875 0 1 0
"205" 2016-01-19 23819 1.3125 0.958333333333333 68.5208333333333 2.77083333333333 0 0 3
"206" 2015-11-12 28962 14.25 14.25 81.1875 17.2291666666667 0 0 2
"207" 2015-10-04 29884 13.3333333333333 13.1041666666667 72.8333333333333 9.85416666666667 0 1 2
"208" 2015-05-30 29206 13.0833333333333 12.4166666666667 57.7708333333333 17.8333333333333 0 1 0
"209" 2016-04-18 28220 9.52083333333333 8.35416666666667 60.8125 17.0833333333333 0 0 0
"210" 2015-10-16 NA 12.5 12.5 78.5625 16.4791666666667 0 0 2
"211" 2015-05-08 26878 13.0833333333333 12.9791666666667 71.1666666666667 12.1041666666667 0 0 0
"212" 2016-09-30 33753 15.3125 15.3125 66.5833333333333 16.7916666666667 0 0 2
"213" 2015-01-08 NA 9.75 7.79166666666667 79.3125 20.4791666666667 0 0 3
"214" 2016-10-27 33888 12.8541666666667 12.6875 79.6458333333333 17.0208333333333 0 0 2
"215" 2015-10-22 30326 13.9791666666667 13.9791666666667 69.9166666666667 16.9166666666667 0 0 2
"216" 2015-01-24 17539 5.70833333333333 2.33333333333333 72.7291666666667 18.0625 0 1 3
"217" 2016-06-02 NA 11.375 11.2916666666667 83.25 20.0208333333333 0 0 1
"218" 2015-10-02 35503 13.6875 13.6875 73.3125 10.7291666666667 0 0 2
"219" 2015-01-07 NA 7.45652173913043 4.5 78.1086956521739 19.7608695652174 0 0 3
"220" 2016-05-22 30628 15.1666666666667 15.1666666666667 67.4791666666667 9.41666666666667 0 1 0
"221" 2015-03-10 27674 8.91666666666667 7.39583333333333 65.4583333333333 10.625 0 0 0
"222" 2016-12-26 11455 8.35416666666667 5.54166666666667 70.5416666666667 22.0208333333333 1 0 3
"223" 2016-01-10 14320 7.25 4.16666666666667 75.375 18.9166666666667 0 1 3
"224" 2015-07-22 37915 19.3333333333333 19.2291666666667 60.9583333333333 17.75 0 0 1
"225" 2015-06-02 27939 15.6666666666667 15.6666666666667 75.0208333333333 33.5208333333333 0 0 1
"226" 2016-03-24 19329 8.97916666666667 6.77083333333333 75.9166666666667 17.1666666666667 0 0 0
"227" 2016-08-25 37742 23.9791666666667 24.3541666666667 66.9791666666667 8.3125 0 0 1
"228" 2015-07-31 36675 16.9583333333333 16.8958333333333 58.6458333333333 8.1875 NA 0 1
"229" 2015-05-09 27810 14.8125 14.8125 59.3958333333333 26.2708333333333 0 1 0
"230" 2016-06-07 34676 17.5 17.5 72.2083333333333 8.45833333333333 0 0 1
"231" 2015-05-06 24438 12.5 12.25 70.5416666666667 32.1666666666667 0 0 0
"232" 2016-09-11 39403 16.8541666666667 16.75 63.8541666666667 9.04166666666667 0 1 2
"233" 2016-06-08 34196 18.4791666666667 18.4791666666667 73.2916666666667 7.375 0 0 1
"234" 2015-02-12 23227 3.97916666666667 2.375 73.125 7.20833333333333 NA 0 3
"235" 2016-10-31 34461 12.7083333333333 12.6666666666667 89.2916666666667 6.4375 NA 0 2
"236" 2016-11-20 10613 7.6875 4.66666666666667 85 20.4583333333333 0 1 2
"237" 2015-05-13 36699 13.75 13.3541666666667 56.4791666666667 11.6666666666667 0 0 0
"238" 2017-01-02 NA 3.72916666666667 0.9375 83.1458333333333 11.1666666666667 1 0 3
"239" 2015-05-02 22231 9.75 8.4375 NA 21.0625 0 1 0
"240" 2015-03-12 28131 10 8.95833333333333 56.2083333333333 13.5833333333333 0 0 0
"241" 2016-09-07 39816 22.5625 22.5833333333333 66.9166666666667 9.5625 0 0 2
"242" 2016-03-20 17043 7.91666666666667 6 71.9583333333333 12.7916666666667 0 1 0
"243" 2016-06-10 39637 17.6458333333333 17.5833333333333 64.2291666666667 10.0208333333333 0 0 1
"244" 2015-11-05 NA 15.1666666666667 15.1666666666667 87.4375 14.3333333333333 0 0 2
"245" 2016-12-15 28195 9 7.52083333333333 89.5416666666667 11.75 0 0 3
"246" 2016-09-12 39261 20.5416666666667 20.5416666666667 65.125 11.5416666666667 0 0 2
"247" 2016-07-20 44664 24.9791666666667 25.0416666666667 59 19.0416666666667 0 0 1
"248" 2015-09-04 29709 14.2916666666667 14.2916666666667 65.3333333333333 13.125 0 0 2
"249" 2016-07-30 45608 19.5208333333333 19.3958333333333 63.2708333333333 10.4583333333333 0 1 1
"250" 2015-10-08 33676 12.3958333333333 11.8125 72.8333333333333 8.41666666666667 0 0 2
"251" 2015-03-22 18618 5.85416666666667 3.33333333333333 67.7291666666667 12.3958333333333 0 1 0
"252" 2015-01-11 14575 6.64583333333333 2.45833333333333 NA 26.5625 0 1 3
"253" 2015-08-08 38993 19.7291666666667 19.7291666666667 69.4375 11.0416666666667 0 1 1
"254" 2015-04-09 31520 10.5 9.5625 79.3125 10.5625 0 0 0
"255" 2015-09-17 32075 14.7916666666667 14.7916666666667 72.75 16.6875 0 0 2
"256" 2015-07-23 39092 18.1666666666667 18.125 56.5208333333333 13.5625 0 0 1
"257" 2016-03-22 29150 8.66666666666667 8.20833333333333 65.0625 6 0 0 0
"258" 2015-12-28 13732 11.7291666666667 11.5625 73.4166666666667 15.0416666666667 1 0 3
"259" 2015-05-04 26795 14.6041666666667 14.6041666666667 67.2083333333333 18.8125 1 0 0
"260" 2016-11-09 18700 7.64583333333333 4.66666666666667 85.2916666666667 18.875 0 0 2
"261" 2016-03-09 19142 8.02083333333333 5.22916666666667 86.8333333333333 17 0 0 0
"262" 2016-06-25 25939 16.0625 16.0625 NA 13.5625 0 1 1
"263" 2015-05-03 NA 14.5625 14.5 NA 21.75 0 1 0
"264" 2015-11-03 30710 11.8958333333333 11.7083333333333 88.625 9.04166666666667 0 0 2
"265" 2015-09-20 31141 15.4166666666667 15.4166666666667 73.6666666666667 11.3541666666667 0 1 2
"266" 2015-06-20 26295 16.6458333333333 16.6458333333333 74.8125 9.75 0 1 1
"267" 2016-02-19 22173 6.20833333333333 2.875 78.9583333333333 19.5416666666667 0 0 3
"268" 2017-01-01 NA 7 4.4375 88.4375 14.125 0 1 3
"269" 2016-12-23 NA 9.91666666666667 8.875 84.6666666666667 21.2916666666667 0 0 3
"270" 2015-08-18 34530 17.625 17.625 59.5208333333333 16.1458333333333 0 0 1
"271" 2015-07-26 NA 15.4583333333333 15.4583333333333 NA 16.25 0 1 1
"272" 2015-03-16 19824 7 4.52083333333333 81.7708333333333 13.6875 0 0 0
"273" 2016-01-12 22799 6.1875 1.83333333333333 77.9583333333333 27.8125 0 0 3
"274" 2016-08-03 40268 20.6666666666667 20.6666666666667 67.6458333333333 24.7083333333333 0 0 1
"275" 2015-07-30 36145 15.9375 15.9375 60.2083333333333 14.8541666666667 0 0 1
"276" 2016-04-02 24367 10.7291666666667 9.45833333333333 62.125 14.8333333333333 0 1 0
"277" 2015-09-06 29429 14.125 13.8541666666667 64.7083333333333 9.8125 0 1 2
"278" 2016-10-11 34914 10.875 10.5625 75.2291666666667 7.91666666666667 0 0 2
"279" 2016-11-21 19230 9.97916666666667 9 86.4166666666667 16.7291666666667 0 0 2
"280" 2015-05-17 31323 13.5833333333333 13.25 NA 17.1666666666667 0 1 0
"281" 2015-03-29 8592 11.304347826087 10.0869565217391 77.445652173913 30.7717391304348 0 1 0
"282" 2015-05-20 30534 11.5208333333333 10.4583333333333 61.1875 18.6875 0 0 0
"283" 2016-09-23 38528 15.7291666666667 15.7291666666667 59.4375 10.375 0 0 2
"284" 2015-08-16 30616 16.8125 16.8125 63.4166666666667 7 NA 1 1
"285" 2015-03-23 25592 8 6.47916666666667 66.1666666666667 11.9166666666667 0 0 0
"286" 2015-05-11 33719 17.3333333333333 17.3333333333333 64.5208333333333 17.25 0 0 0
"287" 2015-12-21 18136 10.875 9.6875 77.5416666666667 22.6041666666667 0 0 3
"288" 2016-07-08 36842 19.625 19.625 66.1875 23.125 0 0 1
"289" 2016-09-05 27873 19.0208333333333 19.0208333333333 82.5208333333333 9.4375 0 0 2
"290" 2015-01-10 14709 10.4791666666667 8.70833333333333 66.125 34.3125 0 1 3
"291" 2016-12-03 17898 6.5625 4.29166666666667 75.9166666666667 13.3541666666667 0 1 3
"292" 2016-05-27 35708 15.1041666666667 15.1041666666667 71.5 15.6041666666667 0 0 0
"293" 2016-05-23 35067 15.1458333333333 15.1458333333333 61.6041666666667 15.1666666666667 0 0 0
"294" 2016-03-11 20893 5.10416666666667 3.79166666666667 83.1875 7.20833333333333 0 0 0
"295" 2015-11-06 NA 16.2291666666667 16.2291666666667 84.8125 18.125 0 0 2
"296" 2016-05-21 26373 15.9375 15.9375 NA 19.25 0 1 0
"297" 2016-07-27 33339 20.4583333333333 20.4583333333333 71.8333333333333 16.9583333333333 0 0 1
"298" 2016-01-27 NA 12.0833333333333 11.5625 80.1041666666667 30.5416666666667 0 0 3
"299" 2015-04-29 26030 9.85416666666667 8 71.3125 18.6458333333333 0 0 0
"300" 2016-02-05 22597 10.8541666666667 10.4375 78.9375 22.3333333333333 0 0 3
"301" 2016-10-15 23488 13.2083333333333 13.2083333333333 NA 8.75 0 1 2
"302" 2016-01-18 NA 2.9375 0.125 75.375 11.4375 0 0 3
"303" 2016-07-05 40463 18.0416666666667 18.0416666666667 63.3541666666667 19.4791666666667 0 0 1
"304" 2016-12-01 26245 4.39583333333333 1.52083333333333 72.9583333333333 12.4583333333333 0 0 3
"305" 2015-09-24 29396 15.5833333333333 15.5833333333333 71.6875 19.9375 0 0 2
"306" 2015-06-21 30393 17.4583333333333 17.4583333333333 NA 23.0416666666667 0 1 1
"307" 2016-09-15 42135 22.6041666666667 22.7291666666667 66.8333333333333 9.97916666666667 0 0 2
"308" 2016-07-10 29135 19.4166666666667 19.4166666666667 NA 22.6041666666667 0 1 1
"309" 2016-04-28 28609 7.9375 6.16666666666667 64.1875 16.9583333333333 0 0 0
"310" 2016-10-26 34010 13.4791666666667 13.4791666666667 81.7916666666667 11.8125 0 0 2
"311" 2015-01-05 20372 8.04166666666667 6.70833333333333 80.3125 8.85416666666667 0 0 3
"312" 2015-11-27 NA 11.2916666666667 10.5416666666667 83.6666666666667 20.7291666666667 0 0 2
"313" 2015-09-08 32781 14.1458333333333 14.1458333333333 73.375 8.375 NA 0 2
"314" 2016-08-12 40159 21.0208333333333 21 61.625 21.2083333333333 0 0 1
"315" 2015-08-17 35695 17.8125 17.8125 55.7708333333333 9.66666666666667 0 0 1
"316" 2016-11-27 15446 7.54166666666667 5.79166666666667 NA 10.7291666666667 0 1 2
"317" 2016-05-05 38684 14.125 13.9166666666667 51 14.4791666666667 0 0 0
"318" 2015-11-01 NA 9.20833333333333 8.85416666666667 NA 5.20833333333333 0 1 2
"319" 2016-06-26 29112 16.6041666666667 16.6041666666667 71.1458333333333 19.2708333333333 0 1 1
"320" 2016-02-04 25154 10.2916666666667 8.97916666666667 76.7083333333333 21.9791666666667 0 0 3
"321" 2015-09-21 23676 14.7083333333333 14.7083333333333 83.5625 13.4583333333333 0 0 2
"322" 2016-11-05 19420 7.04166666666667 4.14583333333333 74.8125 17.1041666666667 0 1 2
"323" 2015-08-05 38770 18.375 18.3541666666667 64.5625 11.0625 0 0 1
"324" 2016-10-30 23535 11.144927536087 11.1014492752174 94.1739130434783 5.09420289856522 0 1 2
"325" 2015-02-18 25132 6.39583333333333 3.72916666666667 71.2708333333333 15.1666666666667 0 0 3
"326" 2016-06-15 37311 16.4791666666667 16.4791666666667 68.1458333333333 15.9166666666667 0 0 1
"327" 2016-05-18 24111 12.9166666666667 12.9166666666667 79.9791666666667 15.2291666666667 0 0 0
"328" 2016-11-07 17193 6.77083333333333 3.77083333333333 76.5625 16.7708333333333 0 0 2
"329" 2015-05-31 14998 13.8541666666667 13.8541666666667 72.875 22.3333333333333 0 1 0
"330" 2016-05-04 36182 13.2708333333333 13 46.9166666666667 11.0625 0 0 0
"331" 2016-02-22 20463 9.04166666666667 7.1875 73.2708333333333 16.9166666666667 0 0 3
"332" 2016-10-06 35005 13.2708333333333 13.2708333333333 59.4166666666667 19.3541666666667 0 0 2
"333" 2016-05-20 35674 15.9791666666667 15.9791666666667 67 20.2291666666667 0 0 0
"334" 2016-01-26 20224 10.1875 8.97916666666667 80.3333333333333 27.2083333333333 0 0 3
"335" 2015-01-18 13199 3.39583333333333 1.91666666666667 84.3333333333333 6.97916666666667 0 1 3
"336" 2015-03-30 22106 9.625 7.39583333333333 64.5625 26.3333333333333 0 0 0
"337" 2016-12-09 NA 13.125 13.125 85.4166666666667 14.3125 0 0 3
"338" 2015-04-03 11298 9.39583333333333 8.58333333333333 88.0833333333333 7.91666666666667 NA 0 0
"339" 2016-07-02 30322 15.4791666666667 15.4791666666667 65.8125 23.75 0 1 1
"340" 2015-03-31 22602 10.85 9.7 55.15 41.9 0 0 0
"341" 2015-09-16 18653 13.75 13.75 89.6666666666667 13.4166666666667 0 0 2
"342" 2015-03-04 24485 6.6875 3.27083333333333 64.6666666666667 20.2083333333333 0 0 0
"343" 2016-05-31 16078 12.5 12.5 84.9791666666667 23.6041666666667 0 0 0
"344" 2016-08-16 38911 18.0227272727273 18.0227272727273 68.5909090909091 14.0454545454545 0 0 1
"345" 2015-06-28 25706 19.125 19.125 NA 15.3333333333333 0 1 1
"346" 2015-09-01 25556 15.4791666666667 15.4791666666667 79.8333333333333 9.5 0 0 2
"347" 2015-05-07 31144 13.1666666666667 13.1041666666667 62.3125 19.625 0 0 0
"348" 2016-07-09 33968 20.125 20.125 NA 19.75 0 1 1
"349" 2016-04-10 23418 8.29166666666667 6.375 NA 20.375 0 1 0
"350" 2016-02-10 23626 6.60416666666667 3.35416666666667 71.8333333333333 18.7083333333333 0 0 3
"351" 2015-10-20 32718 11.5416666666667 11.25 75.5208333333333 8.02083333333333 NA 0 2
"352" 2016-12-08 28366 12.7916666666667 12.7916666666667 83.4791666666667 16.3125 0 0 3
"353" 2015-09-09 33116 15.8125 15.8125 71.6458333333333 14.0833333333333 0 0 2
"354" 2016-07-16 38349 21.6458333333333 21.6666666666667 NA 20.6666666666667 0 1 1
"355" 2016-05-08 44758 19.25 19.2291666666667 NA 15.5625 0 1 0
"356" 2015-02-15 16952 6.6875 5.33333333333333 86.1666666666667 7.33333333333333 NA 1 3
"357" 2015-02-02 21640 1.25 -2.39583333333333 64.8541666666667 12.625 0 0 3
"358" 2016-03-02 20635 6.3125 1.79166666666667 72.1875 31 0 0 0
"359" 2016-04-09 19704 8.97916666666667 7 NA 15.8333333333333 0 1 0
"360" 2016-02-06 NA 11.0416666666667 9.70833333333333 NA 31.0833333333333 0 1 3
"361" 2016-10-17 NA 14.2291666666667 14.2291666666667 76.1875 14.3333333333333 0 0 2
"362" 2016-04-13 31762 12.5625 12.3541666666667 58.9166666666667 7.02083333333333 0 0 0
"363" 2015-04-12 29204 11.7916666666667 10.9166666666667 58.6458333333333 20.2083333333333 0 1 0
"364" 2016-06-17 31641 15.5208333333333 15.5208333333333 80.8958333333333 10 0 0 1
"365" 2015-09-19 31826 15.195652173913 15.195652173913 70.9565217391304 6.97826086956522 NA 1 2
"366" 2015-10-07 28629 14.875 14.875 81.9375 19.0833333333333 0 0 2
"367" 2015-07-24 16034 15.8541666666667 15.8541666666667 75.4166666666667 11.4583333333333 0 0 1
"368" 2016-11-19 18069 5.70833333333333 2.41666666666667 79.7083333333333 16.7916666666667 0 1 2
"369" 2016-01-24 16360 12.4375 12.1041666666667 88.125 14.9791666666667 0 1 3
"370" 2015-12-05 16511 12.6458333333333 12.6458333333333 NA 36.8333333333333 0 1 3
"371" 2015-10-10 29416 13 12.9791666666667 NA 11.125 0 1 2
"372" 2016-08-05 35991 19.6739130434783 19.5 62.3695652173913 16 0 0 1
"373" 2015-02-24 23688 7.1875 3.14583333333333 66.1458333333333 27 0 0 3
"374" 2015-02-09 23858 5.70833333333333 3.85416666666667 81.4375 9.20833333333333 0 0 3
"375" 2015-11-29 11392 12.0416666666667 12.0416666666667 72.0416666666667 34.0833333333333 0 1 2
"376" 2016-11-03 30891 7.91666666666667 6.64583333333333 72.0208333333333 9.875 0 0 2
"377" 2016-08-13 43041 20.3125 20.3125 61.7291666666667 19.5208333333333 0 1 1
"378" 2016-01-29 22526 11.7916666666667 11.625 77.9375 33.7916666666667 0 0 3
"379" 2016-05-07 43819 17.4375 17.375 NA 13.3125 0 1 0
"380" 2015-12-15 NA 11.4583333333333 11.125 92.25 10.7083333333333 0 0 3
"381" 2015-05-25 29502 13.75 13.75 60.875 13.6041666666667 1 0 0
"382" 2016-06-22 NA 19.1458333333333 19.1458333333333 78.9166666666667 11.2708333333333 0 0 1
"383" 2016-12-18 14970 8.14583333333333 7.20833333333333 90.7291666666667 6.52083333333333 NA 1 3
"384" 2015-04-23 32773 10.3958333333333 9.02083333333333 71.6666666666667 13.2083333333333 0 0 0
"385" 2016-12-04 15267 4.66666666666667 2 78.0208333333333 13.8541666666667 0 1 3
"386" 2015-07-15 34574 19.6458333333333 19.6458333333333 76.9166666666667 12 0 0 1
"387" 2016-05-10 21452 15.8333333333333 15.8333333333333 91.1041666666667 14.9583333333333 0 0 0
"388" 2016-01-04 20533 8.875 7.04166666666667 82.5625 12.5 0 0 3
"389" 2016-08-26 37697 23.1875 22.9791666666667 56.125 10.1666666666667 0 0 1
"390" 2016-06-20 22057 18.0625 18.0625 80.6875 20.375 0 0 1
"391" 2016-10-28 33420 14.5625 14.5625 74.7708333333333 13.5 0 0 2
"392" 2015-02-25 21592 9.08333333333333 7.66666666666667 77.3125 11.1041666666667 0 0 3
"393" 2015-02-08 15778 5.4375 3.14583333333333 76.2083333333333 10.25 0 1 3
"394" 2015-08-15 33739 17.5833333333333 17.5833333333333 NA 13.5 0 1 1
"395" 2016-11-11 27814 7.33333333333333 5.66666666666667 74.2708333333333 9.47916666666667 0 0 2
"396" 2015-11-22 13118 3.52083333333333 0.791666666666667 74.6666666666667 10.6666666666667 0 1 2
"397" 2016-08-20 24371 17.9375 17.9375 70.0833333333333 26.2291666666667 0 1 1
"398" 2015-02-20 20715 6.64583333333333 4.8125 81.3333333333333 9.41666666666667 0 0 3
"399" 2016-11-18 26594 6.27083333333333 2.89583333333333 71.8333333333333 19.0833333333333 0 0 2
"400" 2015-03-11 27419 8.75 7.60416666666667 73.7291666666667 11.2291666666667 0 0 0
"401" 2015-08-07 39486 19.5208333333333 19.5208333333333 62.7083333333333 8.95833333333333 0 0 1
"402" 2016-01-13 24586 5.83333333333333 2.47916666666667 71.4791666666667 18.1041666666667 0 0 3
"403" 2016-01-31 NA 10.0416666666667 8.77083333333333 79.1666666666667 22.5 0 1 3
"404" 2016-01-17 11762 2.95833333333333 0.75 80.3125 9.0625 0 1 3
"405" 2015-10-21 18922 12.5 12.2916666666667 88.4375 15.5208333333333 0 0 2
"406" 2016-06-24 18380 19.4444444444444 19.4444444444444 59 21.6666666666667 0 0 1
"407" 2015-05-21 34833 14.625 14.0208333333333 53.0208333333333 15.75 0 0 0
"408" 2015-09-07 31692 14.3333333333333 14.3333333333333 72.1666666666667 9.8125 0 0 2
"409" 2015-12-20 13060 12.7708333333333 12.5416666666667 74.2916666666667 20.375 0 1 3
"410" 2015-04-15 37470 17.5416666666667 17.2083333333333 51.8958333333333 14.0625 0 0 0
"411" 2015-07-20 27163 19.1428571428571 19.1428571428571 77.8809523809524 13.3571428571429 0 0 1
"412" 2016-11-23 28768 9.04166666666667 7.9375 84.1458333333333 10.8125 0 0 2
"413" 2015-04-19 19736 8.41666666666667 6.66666666666667 67.8125 11.6041666666667 0 1 0
"414" 2016-04-20 34197 9.125 7.64583333333333 72.2708333333333 19.125 0 0 0
"415" 2015-07-07 37908 19.4583333333333 19.3541666666667 58.125 21.5208333333333 0 0 1
"416" 2015-07-21 40696 20.3958333333333 20.3958333333333 58.3541666666667 22.3958333333333 0 0 1
"417" 2016-12-30 11566 3.27083333333333 1.0625 NA 9 0 0 3
"418" 2015-12-08 23430 12.2708333333333 11.7083333333333 73.75 20.75 0 0 3
"419" 2015-05-10 32226 14.7708333333333 14.6458333333333 NA 13.6875 0 1 0
"420" 2015-11-16 26507 13.6458333333333 13.6458333333333 73.625 21.875 0 0 2
"421" 2016-08-23 42060 23.1458333333333 23.0416666666667 59.9791666666667 10.2916666666667 0 0 1
"422" 2015-12-02 27789 13.0208333333333 13.0208333333333 72.4791666666667 20.75 0 0 3
"423" 2015-05-29 26023 12.375 12.375 64.0416666666667 22.2083333333333 0 0 0
"424" 2016-02-16 24386 3.66666666666667 1.8125 NA 9.25 0 0 3
"425" 2015-06-10 35707 13.9791666666667 13.8125 57.8333333333333 21.9583333333333 0 0 1
"426" 2015-08-12 36548 18.5416666666667 18.5416666666667 70.3958333333333 16.7708333333333 0 0 1
"427" 2016-04-14 30611 13.1666666666667 12.9583333333333 61.4791666666667 9.95833333333333 0 0 0
"428" 2016-04-15 15761 10.6041666666667 10.125 86.1458333333333 9.27083333333333 0 0 0
"429" 2015-09-02 30180 14.6875 14.6875 73.25 10.2291666666667 0 0 2
"430" 2016-07-13 35691 15.4791666666667 15.4791666666667 70.4375 15.1458333333333 0 0 1
"431" 2016-12-20 24864 6.20833333333333 3.95833333333333 80.0208333333333 11.2083333333333 0 0 3
"432" 2015-07-11 42091 21.375 21.2916666666667 NA 17.4166666666667 0 1 1
"433" 2016-05-19 34267 14.1458333333333 14.1458333333333 73.7916666666667 16.1041666666667 0 0 0
"434" 2016-06-13 27293 16.6875 16.6875 81.25 15.3125 0 0 1
"435" 2015-07-28 36101 17.125 17.125 58.7916666666667 27.8541666666667 0 0 1
"436" 2016-11-14 24618 10.7708333333333 10.2083333333333 85.25 14.125 0 0 2
"437" 2016-09-17 27182 15.375 15.375 NA 19.875 0 1 2
"438" 2015-01-09 22104 12.7291666666667 12.3333333333333 74.8541666666667 32.9166666666667 0 0 3
"439" 2015-04-21 34908 11.375 10.8541666666667 61.6041666666667 12.75 0 0 0
"440" 2015-05-19 28331 10.9166666666667 9.5 63.125 24.2708333333333 0 0 0
"441" 2016-08-21 28219 18.6458333333333 18.625 68.4375 26.2916666666667 0 1 1
"442" 2016-02-12 NA 4.75 1.95833333333333 NA 13.0416666666667 0 0 3
"443" 2015-03-14 18101 6.14583333333333 2.95833333333333 66.9791666666667 17.9583333333333 0 1 0
"444" 2015-03-24 24083 7.54166666666667 5.91666666666667 69.8125 9.35416666666667 0 0 0
"445" 2016-04-05 30575 11.5833333333333 10.9166666666667 65.7083333333333 14.9166666666667 0 0 0
"446" 2015-01-25 15094 5.52083333333333 2.3125 77.375 16.1666666666667 0 1 3
"447" 2015-02-17 25064 5.85416666666667 3.47916666666667 68.7083333333333 12.1875 0 0 3
"448" 2016-03-10 23504 6.79166666666667 5.375 83.3958333333333 7.52083333333333 0 0 0
"449" 2015-07-27 31904 17.7708333333333 17.7708333333333 67.1875 28.2083333333333 0 0 1
"450" 2015-02-04 21850 2.875 -0.520833333333333 80.6875 14.125 0 0 3
"451" 2015-07-10 42779 20.8333333333333 20.3333333333333 47.2291666666667 12.8541666666667 0 0 1
"452" 2015-04-17 29796 10.5833333333333 8.91666666666667 63.625 23.6458333333333 0 0 0
"453" 2016-07-12 29869 15.7083333333333 15.7083333333333 78.5 15.3958333333333 0 0 1
"454" 2015-12-04 25956 11.0416666666667 9.97916666666667 70.2708333333333 25.0625 0 0 3
"455" 2015-01-06 20613 7.85416666666667 5.33333333333333 78.8958333333333 16 0 0 3
"456" 2016-07-29 35353 19.8958333333333 19.8958333333333 72.2291666666667 17.7083333333333 0 0 1
"457" 2015-10-15 NA 11.2291666666667 10.5625 77.875 13.1458333333333 0 0 2
"458" 2015-01-16 22663 5.79166666666667 2.54166666666667 66.2291666666667 17.4583333333333 0 0 3
"459" 2016-08-15 40236 18.2391304347826 18.195652173913 64.8260869565217 14.695652173913 0 0 1
"460" 2016-03-30 26516 9.27083333333333 7.47916666666667 66.1458333333333 17.7291666666667 0 0 0
"461" 2015-06-17 38591 19.6458333333333 19.6458333333333 65.5416666666667 21.9166666666667 0 0 1
"462" 2016-08-14 43848 19.25 19.0625 53.9375 9.16666666666667 0 1 1
"463" 2016-08-01 29749 16.8125 16.8125 67.875 12.5833333333333 0 0 1
"464" 2015-06-03 35377 16.125 16.125 53.0625 17.5833333333333 0 0 1
"465" 2016-09-25 29663 17.6875 17.6875 62.25 19.875 0 1 2
"466" 2016-03-18 23047 5.66666666666667 3.125 81.5 12.3541666666667 0 0 0
"467" 2015-10-09 32006 12.5652173913043 12.5 76.7608695652174 6.91304347826087 0 0 2
"468" 2016-12-10 NA 12.3125 12.0625 89.1875 15.1041666666667 0 1 3
"469" 2016-05-01 29249 11 10.625 58.2916666666667 12.4375 0 1 0
"470" 2016-10-10 32760 10.4375 9.95833333333333 75.625 9.16666666666667 0 0 2
"471" 2016-01-05 22805 8.97916666666667 7.89583333333333 85.6666666666667 8.4375 NA 0 3
"472" 2016-09-22 38043 17.4166666666667 17.4166666666667 71.3333333333333 11.6041666666667 0 0 2
"473" 2016-03-26 10053 10.8157894736842 9.5 NA 22.5789473684211 0 1 0
"474" 2016-04-21 31612 10.625 9.47916666666667 67.3125 20.1875 0 0 0
"475" 2015-10-25 23133 9 7.82608695652174 75.695652173913 8.50724637695652 0 1 2
"476" 2015-11-11 29899 14.7708333333333 14.7708333333333 71.7083333333333 20.3333333333333 0 0 2
"477" 2016-01-01 9797 6.5 3.72916666666667 82.5 16.7291666666667 1 0 3
"478" 2015-02-23 21764 6.9375 2.9375 66.8541666666667 25.875 0 0 3
"479" 2015-08-11 34318 18.3125 18.3125 64.5625 7.4375 NA 0 1
"480" 2016-12-22 21461 8.29166666666667 6.41666666666667 80.1041666666667 12.6041666666667 0 0 3
"481" 2016-12-14 28861 10.2916666666667 9.47916666666667 85.1666666666667 9.85416666666667 0 0 3
"482" 2016-08-27 32188 21.25 21.25 NA 15.2083333333333 0 1 1
"483" 2015-08-03 35402 19.8333333333333 19.8333333333333 68.25 17.625 0 0 1
"484" 2015-06-15 34558 14.2708333333333 14.2708333333333 64.7083333333333 16.875 0 0 1
"485" 2015-04-01 23539 8.5 4.9375 59.8541666666667 31.7083333333333 0 0 0
"486" 2016-07-22 35996 21.125 21.125 66.9166666666667 8.9375 0 0 1
"487" 2016-06-12 17841 17.2083333333333 17.2083333333333 81.5833333333333 11.5416666666667 0 1 1
"488" 2016-03-01 NA 9.35416666666667 7.16666666666667 80.0208333333333 25.3333333333333 0 0 0
"489" 2016-06-28 31288 16.6041666666667 16.6041666666667 63.0416666666667 12.2708333333333 0 0 1
"490" 2015-03-26 20305 8.41666666666667 6.1875 70.375 20.8333333333333 0 0 0
"491" 2015-02-11 23680 5.04166666666667 3.16666666666667 77.4375 7.64583333333333 0 0 3
"492" 2015-08-22 44187 23.2083333333333 23.1875 62.7708333333333 12.2916666666667 0 1 1
"493" 2016-09-27 NA 17.1041666666667 17.1041666666667 75.875 15.625 0 0 2
"494" 2015-10-14 30579 10.4791666666667 9.8125 75.0416666666667 13.5 0 0 2
"495" 2015-12-06 15478 13.4375 13.4375 NA 23.1458333333333 0 1 3
"496" 2015-04-14 34519 15.6458333333333 14.8958333333333 60.7708333333333 17.1666666666667 0 0 0
"497" 2015-02-21 16198 4.8125 1.625 76.3333333333333 16.2083333333333 0 1 3
"498" 2015-01-17 NA 3.79166666666667 0.5625 NA 13.5833333333333 0 1 3
"499" 2016-07-18 43195 23.5 23.375 58.5208333333333 8.3125 NA 0 1
"500" 2015-11-28 16336 8.125 5.35416666666667 NA 27.25 0 1 2
